1000111000000000000000100000000111011000000000000000000100000000
1010111000000000111111100100101000000000000010000101000001010000
1011111000000000000000001100000000011111111010101110000000000000
0001101010001100000000000000000000000000000000000000000000000000
1000111000000001111111100000000000010000000000000000010000000000
0000101110001101000100001001000000000000000000000000000000000000
1000100100001100000000000000000000000111000100000000000000000000
1000111000000000000000100000000001000000000000000000000100000000
0001101010001100000000000000000000000000000000000000000000000000
1000111000000001111111100000000000010000000000000000010000000000
0000101110001101001011001001000000000000000000000000000000000000
1000100100001100000000000000000000110000100100000000000000000000
1000111000000000000000100000000001000000000000000000000100000000
0001101010001100000000000000000000000000000000000000000000000000
1000111000000001111111100000000000010000000000000000010000000000
0000101110001101000001101001000000000000000000000000000000000000
1000100100001100000000000000000000011100100100000000000000000000
1000111000000000000000100000000001000000000000000000000100000000
0001101010001100000000000000000000000000000000000000000000000000
1000111000000001111111100000000000010000000000000000010000000000
0000101110001101001100011001000000000000000000000000000000000000
1000100100001100000000000000000000100110100100000000000000000000
1000011000000100001101010000000000000000000010000010011100010000
1000011010000100001101010000000000000000000010000000011100010000
1000111000000000000000100000000001000000000000000001000000000000
0001001000001000000000000000000000000000000000000000000000000000