01000002807f0071
7f804040447f0075
000737f00300007d
0000000000003000
0000000001007131
0000000500003000
0000002001007131
0000000a00003000
0000004001007131
0000000f00003000
0000006001007131
0000001400003000
0000008001007131
0000001900003000
000000a001007131
0000001e00003000
000000c001007131
0000002300003000
000000e001003131
0000000500003000
0000000001007031
0000000a00003000
0000002001007031
0000000f00003000
0000004001007031
0000001400003000
0000006001007031
0000001900003000
0000008001007031
0000001e00003000
000000a001007031
0000002300003000
000000c001007031
0000002800003000
000000e001003031
0000000a00003000
0000000001007031
0000000f00003000
0000002001007031
0000001400003000
0000004001007031
0000001900003000
0000006001007031
0000001e00003000
0000008001007031
0000002300003000
000000a001007031
0000002800003000
000000c001007031
0000002d00003000
000000e001003031
0000000f00003000
0000000001007031
0000001400003000
0000002001007031
0000001900003000
0000004001007031
0000001e00003000
0000006001007031
0000002300003000
0000008001007031
0000002800003000
000000a001007031
0000002d00003000
000000c001007031
0000003200003000
000000e001003031
0000001400003000
0069000001007231
0000001900003000
0089002001007231
0000001e00003000
00a9004001007231
0000002300003000
00c9006001007231
0000002800003000
00e9008001007231
0000002d00003000
010900a001007231
0000003200003000
012900c001007231
0000003700003000
014900e001003231
0000001400000051
0000001900003000
0000000001007131
0000001e00003000
0000002001007131
0000002300003000
0000004001007131
0000001e00003000
0000000001007031
0000002300003000
0000002001007031
0000002800003000
0000004001007031
0000002300003000
0000000001007031
0000002800003000
0000002001007031
0000002d00003000
0000004001007031
0000002800003000
0000000001007031
0000002d00003000
0000002001007031
0000003200003000
0000004001007031
0000002d00003000
0169000001007231
0000003200003000
0189002001007231
0000003700003000
01a9004001007231
0069006901007041
0089008901007041
00a900a901007041
00c900c901007041
00e900e901007041
0109010901007041
0129012901007041
0149014901007041
0169016901007041
0189018901007041
01a901a901003041
01000010007f8071
0000006900003000
0000000001007131
0000008900003000
0000002001007131
000000a900003000
0000004001007131
000000c900003000
0000006001007131
000000e900003000
0000008001007131
0000010900003000
000000a001007131
0000012900003000
000000c001003131
000000a900003000
0000000001007031
000000c900003000
0000002001007031
000000e900003000
0000004001007031
0000010900003000
0000006001007031
0000012900003000
0000008001007031
0000014900003000
000000a001007031
0000016900003000
000000c001003031
000000e900003000
0069000001007231
0000010900003000
0089002001007231
0000012900003000
00a9004001007231
0000014900003000
00c9006001007231
0000016900003000
00e9008001007231
0000018900003000
010900a001007231
000001a900003000
012900c001003231
0069006901007041
0089008901007041
00a900a901007041
00c900c901007041
00e900e901007041
0109010901007041
0129012901003041
0000006900003000
0000002001003131
000000c900003000
0000002001003031
0000012900003000
0069002001003231
0069006901003041
0069006900003000
0069006901003041
02000010007f0071
02000010727f0071
0069006900003000
0069006901003045
